#
# Neural net output
#
# nLayers,nHiddenLayers,nSteps,nProblemSize,inpLength,outLength
4 2 3 141
# layer lengths
1 10 10 1
# activation function type, biases, weights
# step 1
# activation function type
Sigmoid
# biases
  -8.1535686153662486     
  -2.5978198454998349     
  -4.7011545279651781     
  -16.376289578775427     
  -9.1129265924890657     
 -0.29676875121321861     
  -11.001199756096684     
  -3.2330239182834890     
   9.4439068854551760     
  -2.3675747381225096     
# weights
   7.5085615995419905     
   1.5298584629005851     
   21.125214135897242     
   21.804549316138370     
   8.4556171974812084     
   10.884790718642154     
   21.432389072284469     
 -0.15050483965533665     
  -8.6577591257990125     
 -0.51262637981975767     
# step 2
# activation function type
Sigmoid
# biases
 -0.92538327824602540     
  -8.8555187537739763E-002
   1.0053482718129808E-002
  -1.2451949748249462     
  -2.4502980510931258     
 -0.18859619012725817     
  -1.0738681742806890     
 -0.75083130565700895     
  0.54175755629355160     
 -0.53487434761147656     
# weights
 -0.71443388547561948     
  0.60680840812077963     
  -1.2477721086901372     
 -0.20024927821944274     
  0.35401221699764890     
 -0.86259123677086669     
  0.57680059346432733     
   3.6917937935531144E-002
  0.67062161624116945     
  0.32290869410989848     
  -1.5366922092647981     
 -0.66153649842126028     
   1.9452441670025409     
   2.1055446019581754     
  -1.6908186711097331     
 -0.88690382398738599     
  -2.8787273224871659     
  0.14402899889740209     
  0.55627264959569467     
 -0.33843532994274339     
   1.0267909059819496     
  0.47150262411760990     
 -0.35826703934288845     
  -1.6358741858553996     
   1.0710900170304991     
  0.64017185128423615     
  0.80599028850809917     
  0.75236438715766862     
  -1.7602425312110568     
  0.55709340446900057     
  -1.1349076366055455     
 -0.59194247829218438     
 -0.47709438220327471     
  -8.2583323299910735E-002
 -0.79830051761025855     
  0.20425188819303619     
   1.5102554586038368     
  0.93997717611322706     
 -0.18598471073501593     
 -0.23059318937687642     
   2.0075522040108806     
  0.20503166098106812     
  -2.3581619892755756     
  -1.6297509863790052     
   2.1341799454501307     
   6.1921554322027471E-002
   6.4092732182878107     
   1.0509578357050857     
  -4.4630702071929562     
  0.12068947814643524     
  0.80287134915179637     
 -0.45293062416558671     
  -1.4420138586371676     
 -0.97796132603396890     
   1.0852783130618009     
  0.83505268052802262     
  0.71319666078422106     
   8.0070333789230591E-002
  -1.2121891598741938     
  -1.0451269317591783     
 -0.23059387387125588     
  0.70407520973268323     
  0.34791412173310060     
 -0.35476616089969176     
  0.93394747706740044     
   4.5057358260477812E-002
  -5.7813459723616272E-003
 -0.23577086471333672     
  -1.0246236186683610     
  0.81287925692154517     
  0.88887380953281903     
  0.80001843360699920     
  0.25015630004150680     
 -0.80006252389513499     
   1.2894925633583831     
   2.2425433901495029     
  0.27380621217654028     
 -0.62237115971093893     
 -0.24567077755066416     
  0.37756083370569821     
  -1.9146483690050271     
  -7.2214160527998825E-002
   1.8116841321351496     
   1.8605969979799371     
  -2.0038712186578920     
  -4.2087449871770080     
  -3.0321937008281994     
  0.76906143902209712     
  0.66521958951985705     
  0.45767069221722345     
 -0.97720910385361159     
 -0.22420120404205640     
 -0.96758414019930228     
 -0.30936777472696941     
 -0.41693664842815209     
 -0.91899193730841222     
 -0.32622835512307763     
 -0.13720145078035131     
 -0.31911935505371164     
  0.22626498081051630     
# step 3
# activation function type
Identity
# biases
   1.6402090118841042     
# weights
   3.2960714155096632E-002
  -2.4405825746643024     
   1.2900058846785849     
  0.63653036890814463     
   6.0855586997953983     
   1.4713876332176634     
  0.42954955589620264     
   1.4852463979344213     
  -4.5502990520448456     
 -0.92373326040894710     
# L2 norm of training data
   1.8645123102174394E-002
